0.5436848451936733	0.22445736258191973	0.2980392156862745
0.4884083968757768	0.2430385303061322	0.30196078431372547
0.47958018436668615	0.23714194665607224	0.30980392156862746
0.4591771043975289	0.24682330814132214	0.30196078431372547
0.4331761689521732	0.26355612407051987	0.30196078431372547
0.4295172579949004	0.25853678225410526	0.30196078431372547
0.42081242392073276	0.26273099306771175	0.30196078431372547
0.4068080212341482	0.26985289252710165	0.30196078431372547
0.4145249882546732	0.2496650572231628	0.30196078431372547
0.4080936614704988	0.25149768047480126	0.2980392156862745
