0.5293165715034952	0.24794975574662115	0.30196078431372547
0.4682990078730118	0.25857649909123426	0.30980392156862746
0.4630314679249727	0.2550995066381462	0.30980392156862746
0.46172748906368655	0.2432660249978421	0.30980392156862746
0.45258682983687193	0.2466647309252531	0.30196078431372547
0.44722088737510174	0.2450238643608066	0.3058823529411765
0.4369766216974898	0.24734835107316688	0.30980392156862746
0.4316542949465983	0.24620392328132024	0.30196078431372547
0.4208931751720326	0.2534592684261876	0.30196078431372547
0.4229472062934991	0.24239288841234607	0.30196078431372547
