0.09136635697349095	0.5531192503377795	0.011764705882352941
0.092538375145869	0.5387244580968187	0.01568627450980392
0.08205905733503249	0.5340736958561568	0.011764705882352941
0.0733633236905116	0.5293730619574267	0.011764705882352941
0.06020686489439074	0.5242296525120537	0.00784313725490196
0.0395649542156053	0.5299034278527521	0.00784313725490196
0.03204243391956445	0.5326358864283347	0.00784313725490196
0.013502193108011542	0.5315565856557205	0.011764705882352941
0.007675178159807185	0.5363128629625198	0.00784313725490196
0.0043887078438466275	0.5308714989908899	0.00784313725490196
