0.20875189792301288	0.14708662966110453	0.0196078431372549
0.21000809383138092	0.12326038941424833	0.023529411764705882
0.18106031813209925	0.12963656437180704	0.0196078431372549
0.16690239295244552	0.13809494330233274	0.0196078431372549
0.1594281557050961	0.1324004533110522	0.0196078431372549
0.14600491195903242	0.1379203634081404	0.0196078431372549
0.13270219324045163	0.13386659759516317	0.0196078431372549
0.12750331441007676	0.13362585638007562	0.0196078431372549
0.10866932071503482	0.13840262966328187	0.0196078431372549
0.09207791021680453	0.13991966178901283	0.0196078431372549
