0.21748721540134852	7.277993297961796	2.897088336332967
0.8798630744663285	3.41831759413434	1.404157781012838
1.0026597322333544	3.041843160270588	0.3936824061067732
0.5630956390618564	2.729756910107879	0.009404281339573828
0.03782010399243063	2.6262523942019076	0.023220160747886354
0.9666495724017352	2.928472478122739	1.5085020080895504
0.9660836808523356	1.5717263711040648	0.05184051655091082
1.7700375609174728	1.710312488190004	1.612452139351312
1.7700375609174728	1.710312488190004	1.612452139351312
0.7527004937477102	1.435894606798664	0.13934991856709544
