0.24504309164652519	0.15879940260917635	0.07058823529411765
0.1787022709429791	0.16479112272730834	0.07058823529411765
0.1675598117354435	0.14891921422974086	0.07450980392156863
0.1503451876545725	0.1528637949136462	0.07058823529411765
0.14198999334077103	0.15806280550606167	0.07058823529411765
0.13784347995107993	0.15201797180994026	0.07058823529411765
0.12999432702948288	0.1459587024910991	0.07058823529411765
0.11005118247825317	0.16041418061439205	0.07058823529411765
0.10047987140539799	0.15923758409256739	0.07058823529411765
0.0974994312767481	0.15497557598978184	0.07058823529411765
