1.6704719896545157	7.111997394287231	0.896906795955001
0.6923449249210449	4.911756787860099	0.41681400324250006
0.4436470576249292	4.347575042480388	0.17271507649109452
0.06517601534707751	4.2585093465726604	0.11933191574200563
0.13870835261352	4.223254328168901	0.03579562867759378
0.5415055546118879	3.5403532992342637	0.12980099442873794
0.22177875748769793	3.4872751410377703	0.2008332670364119
0.16035846538404996	3.6686383229211295	0.07118663043507212
1.2293738110604409	3.071965895453067	0.14848856693742007
0.049614880098118874	3.519468206653512	0.097611095304309
