0.23193514347635935	0.15281192963120493	0.023529411764705882
0.20890256082073727	0.14525535584755356	0.023529411764705882
0.19995442260833896	0.14188926383322786	0.027450980392156862
0.18445616622354571	0.13959726929804317	0.0196078431372549
0.16041450431125467	0.1463327313624122	0.0196078431372549
0.14348597906398877	0.14607605200887952	0.0196078431372549
0.13459691769250556	0.1552501909097579	0.0196078431372549
0.12803537070044796	0.14668728017226362	0.0196078431372549
0.11139854245153719	0.1563464814316471	0.0196078431372549
0.10174575230103257	0.15314404215374466	0.0196078431372549
