0.2341003474935411	0.15694216479208678	0.06666666666666667
0.15236392315204347	0.16292952956146156	0.0784313725490196
0.14010773421074652	0.15614392325631754	0.07450980392156863
0.12830780810496029	0.16085867447712832	0.07450980392156863
0.11585519122459706	0.16055662966953155	0.07450980392156863
0.10649848154083473	0.15974215134166625	0.07450980392156863
0.09386628691837466	0.164503945705459	0.07450980392156863
0.0842694059752602	0.16172265465890145	0.07450980392156863
0.07515288511421978	0.1580098725853054	0.07450980392156863
0.06190667062197682	0.16076039659079067	0.07450980392156863
