0.10329769421348148	0.5502357605381006	0.011764705882352941
0.09798248884497832	0.5256414418543335	0.011764705882352941
0.08705692069394556	0.5272774562928949	0.011764705882352941
0.0761233492051293	0.5226072715670879	0.011764705882352941
0.06327672479494789	0.5273680132953913	0.011764705882352941
0.051622744793396326	0.5286961663756867	0.011764705882352941
0.04849174902975148	0.5254812535346588	0.011764705882352941
0.03735522282411476	0.5233183255514997	0.011764705882352941
0.030697275584435562	0.5240400781369057	0.011764705882352941
0.024481691534839107	0.524833054784466	0.011764705882352941
